                 precision    recall  f1-score   support

          Faces     1.0000    1.0000    1.0000        66
     Faces_easy     1.0000    1.0000    1.0000        66
       Leopards     1.0000    1.0000    1.0000        30
     Motorbikes     0.9833    0.9833    0.9833       120
      accordion     1.0000    1.0000    1.0000         8
      airplanes     0.9600    1.0000    0.9796       120
         anchor     0.8333    0.8333    0.8333         6
            ant     0.4444    0.6667    0.5333         6
         barrel     1.0000    0.7143    0.8333         7
           bass     0.7778    0.8750    0.8235         8
         beaver     1.0000    0.7143    0.8333         7
      binocular     0.7143    1.0000    0.8333         5
         bonsai     1.0000    0.9474    0.9730        19
          brain     1.0000    0.8667    0.9286        15
   brontosaurus     1.0000    0.6667    0.8000         6
         buddha     0.9286    1.0000    0.9630        13
      butterfly     1.0000    1.0000    1.0000        14
         camera     1.0000    1.0000    1.0000         7
         cannon     0.8571    1.0000    0.9231         6
       car_side     1.0000    1.0000    1.0000        19
    ceiling_fan     1.0000    0.7143    0.8333         7
      cellphone     1.0000    0.8889    0.9412         9
          chair     0.9000    0.9000    0.9000        10
     chandelier     0.8333    0.9375    0.8824        16
    cougar_body     0.5556    0.7143    0.6250         7
    cougar_face     1.0000    0.9000    0.9474        10
           crab     0.9000    0.8182    0.8571        11
       crayfish     0.7500    0.9000    0.8182        10
      crocodile     1.0000    0.6250    0.7692         8
 crocodile_head     0.6364    1.0000    0.7778         7
            cup     0.8571    0.7500    0.8000         8
      dalmatian     1.0000    1.0000    1.0000        10
    dollar_bill     1.0000    1.0000    1.0000         8
        dolphin     0.7500    0.9000    0.8182        10
      dragonfly     1.0000    0.8000    0.8889        10
electric_guitar     1.0000    0.7273    0.8421        11
       elephant     1.0000    0.9000    0.9474        10
            emu     1.0000    0.6250    0.7692         8
      euphonium     1.0000    1.0000    1.0000         9
           ewer     0.8667    1.0000    0.9286        13
          ferry     0.9000    0.9000    0.9000        10
       flamingo     1.0000    0.8000    0.8889        10
  flamingo_head     0.8333    0.7143    0.7692         7
       garfield     1.0000    1.0000    1.0000         5
        gerenuk     0.8333    1.0000    0.9091         5
     gramophone     0.8889    1.0000    0.9412         8
    grand_piano     1.0000    0.9333    0.9655        15
      hawksbill     1.0000    0.9333    0.9655        15
      headphone     0.8571    0.8571    0.8571         7
       hedgehog     0.8000    1.0000    0.8889         8
     helicopter     0.8000    0.9231    0.8571        13
           ibis     0.7333    0.9167    0.8148        12
   inline_skate     0.7143    1.0000    0.8333         5
    joshua_tree     1.0000    1.0000    1.0000         9
       kangaroo     0.8571    0.9231    0.8889        13
          ketch     0.9286    0.7647    0.8387        17
           lamp     0.8889    0.8889    0.8889         9
         laptop     0.9231    1.0000    0.9600        12
          llama     0.9000    0.8182    0.8571        11
        lobster     0.6667    0.6667    0.6667         6
          lotus     0.5000    0.7000    0.5833        10
       mandolin     0.8333    0.8333    0.8333         6
         mayfly     0.7500    1.0000    0.8571         6
        menorah     0.9286    1.0000    0.9630        13
      metronome     1.0000    1.0000    1.0000         5
        minaret     1.0000    1.0000    1.0000        11
       nautilus     0.8000    0.8889    0.8421         9
        octopus     0.6000    0.6000    0.6000         5
          okapi     1.0000    1.0000    1.0000         6
         pagoda     1.0000    1.0000    1.0000         7
          panda     1.0000    1.0000    1.0000         6
         pigeon     1.0000    0.8333    0.9091         6
          pizza     0.8750    0.8750    0.8750         8
       platypus     0.7143    1.0000    0.8333         5
        pyramid     1.0000    1.0000    1.0000         8
       revolver     0.8571    0.9231    0.8889        13
          rhino     0.9000    1.0000    0.9474         9
        rooster     1.0000    0.8750    0.9333         8
      saxophone     0.7500    1.0000    0.8571         6
       schooner     0.7500    1.0000    0.8571         9
       scissors     1.0000    0.6667    0.8000         6
       scorpion     0.9091    0.7692    0.8333        13
      sea_horse     1.0000    0.5000    0.6667         8
         snoopy     1.0000    1.0000    1.0000         5
    soccer_ball     0.9000    1.0000    0.9474         9
        stapler     0.8000    0.5714    0.6667         7
       starfish     0.8571    0.9231    0.8889        13
    stegosaurus     0.9000    1.0000    0.9474         9
      stop_sign     1.0000    1.0000    1.0000        10
     strawberry     0.5000    1.0000    0.6667         5
      sunflower     1.0000    0.9231    0.9600        13
           tick     1.0000    0.8571    0.9231         7
      trilobite     1.0000    1.0000    1.0000        13
       umbrella     0.9091    0.9091    0.9091        11
          watch     0.9474    1.0000    0.9730        36
    water_lilly     0.5000    0.3333    0.4000         6
     wheelchair     1.0000    0.3333    0.5000         9
       wild_cat     0.5000    0.2000    0.2857         5
  windsor_chair     1.0000    0.8889    0.9412         9
         wrench     1.0000    0.3333    0.5000         6
       yin_yang     0.8750    0.7778    0.8235         9

       accuracy                         0.9163      1302
      macro avg     0.8904    0.8705    0.8682      1302
   weighted avg     0.9265    0.9163    0.9144      1302
