                 precision    recall  f1-score   support

          Faces     1.0000    0.9697    0.9846        66
     Faces_easy     0.9706    1.0000    0.9851        66
       Leopards     1.0000    1.0000    1.0000        30
     Motorbikes     1.0000    1.0000    1.0000       120
      accordion     0.8000    1.0000    0.8889         8
      airplanes     0.9756    1.0000    0.9877       120
         anchor     1.0000    0.8333    0.9091         6
            ant     0.7143    0.8333    0.7692         6
         barrel     1.0000    1.0000    1.0000         7
           bass     1.0000    0.8750    0.9333         8
         beaver     0.6000    0.8571    0.7059         7
      binocular     0.8333    1.0000    0.9091         5
         bonsai     1.0000    0.9474    0.9730        19
          brain     1.0000    0.9333    0.9655        15
   brontosaurus     0.7143    0.8333    0.7692         6
         buddha     0.9286    1.0000    0.9630        13
      butterfly     1.0000    1.0000    1.0000        14
         camera     1.0000    0.8571    0.9231         7
         cannon     1.0000    1.0000    1.0000         6
       car_side     0.9500    1.0000    0.9744        19
    ceiling_fan     1.0000    0.8571    0.9231         7
      cellphone     1.0000    0.8889    0.9412         9
          chair     1.0000    0.9000    0.9474        10
     chandelier     1.0000    0.9375    0.9677        16
    cougar_body     0.6000    0.4286    0.5000         7
    cougar_face     1.0000    0.9000    0.9474        10
           crab     0.7500    0.8182    0.7826        11
       crayfish     0.8889    0.8000    0.8421        10
      crocodile     1.0000    0.6250    0.7692         8
 crocodile_head     0.6364    1.0000    0.7778         7
            cup     1.0000    0.8750    0.9333         8
      dalmatian     0.9091    1.0000    0.9524        10
    dollar_bill     1.0000    1.0000    1.0000         8
        dolphin     0.9000    0.9000    0.9000        10
      dragonfly     1.0000    0.9000    0.9474        10
electric_guitar     1.0000    0.8182    0.9000        11
       elephant     0.8750    0.7000    0.7778        10
            emu     1.0000    1.0000    1.0000         8
      euphonium     1.0000    1.0000    1.0000         9
           ewer     1.0000    0.9231    0.9600        13
          ferry     1.0000    0.9000    0.9474        10
       flamingo     0.8000    0.8000    0.8000        10
  flamingo_head     0.8571    0.8571    0.8571         7
       garfield     1.0000    0.8000    0.8889         5
        gerenuk     1.0000    0.6000    0.7500         5
     gramophone     1.0000    1.0000    1.0000         8
    grand_piano     1.0000    1.0000    1.0000        15
      hawksbill     1.0000    1.0000    1.0000        15
      headphone     0.8571    0.8571    0.8571         7
       hedgehog     0.8000    1.0000    0.8889         8
     helicopter     1.0000    0.9231    0.9600        13
           ibis     0.9091    0.8333    0.8696        12
   inline_skate     0.8333    1.0000    0.9091         5
    joshua_tree     0.8889    0.8889    0.8889         9
       kangaroo     0.9231    0.9231    0.9231        13
          ketch     0.7619    0.9412    0.8421        17
           lamp     1.0000    1.0000    1.0000         9
         laptop     1.0000    1.0000    1.0000        12
          llama     0.6667    0.9091    0.7692        11
        lobster     0.6667    0.6667    0.6667         6
          lotus     0.6667    1.0000    0.8000        10
       mandolin     0.8571    1.0000    0.9231         6
         mayfly     1.0000    0.8333    0.9091         6
        menorah     1.0000    1.0000    1.0000        13
      metronome     0.8333    1.0000    0.9091         5
        minaret     0.9167    1.0000    0.9565        11
       nautilus     1.0000    1.0000    1.0000         9
        octopus     1.0000    0.6000    0.7500         5
          okapi     1.0000    1.0000    1.0000         6
         pagoda     1.0000    1.0000    1.0000         7
          panda     0.8571    1.0000    0.9231         6
         pigeon     1.0000    0.8333    0.9091         6
          pizza     0.8000    1.0000    0.8889         8
       platypus     1.0000    0.8000    0.8889         5
        pyramid     0.8889    1.0000    0.9412         8
       revolver     1.0000    1.0000    1.0000        13
          rhino     0.8889    0.8889    0.8889         9
        rooster     0.8750    0.8750    0.8750         8
      saxophone     0.8571    1.0000    0.9231         6
       schooner     0.8571    0.6667    0.7500         9
       scissors     1.0000    1.0000    1.0000         6
       scorpion     0.8571    0.9231    0.8889        13
      sea_horse     1.0000    0.7500    0.8571         8
         snoopy     0.8333    1.0000    0.9091         5
    soccer_ball     1.0000    1.0000    1.0000         9
        stapler     1.0000    0.8571    0.9231         7
       starfish     0.7857    0.8462    0.8148        13
    stegosaurus     1.0000    1.0000    1.0000         9
      stop_sign     1.0000    1.0000    1.0000        10
     strawberry     0.8333    1.0000    0.9091         5
      sunflower     1.0000    1.0000    1.0000        13
           tick     1.0000    1.0000    1.0000         7
      trilobite     1.0000    1.0000    1.0000        13
       umbrella     1.0000    1.0000    1.0000        11
          watch     0.9730    1.0000    0.9863        36
    water_lilly     1.0000    0.1667    0.2857         6
     wheelchair     1.0000    1.0000    1.0000         9
       wild_cat     0.6667    0.4000    0.5000         5
  windsor_chair     0.9000    1.0000    0.9474         9
         wrench     1.0000    0.6667    0.8000         6
       yin_yang     1.0000    0.8889    0.9412         9

       accuracy                         0.9393      1302
      macro avg     0.9223    0.9020    0.9032      1302
   weighted avg     0.9460    0.9393    0.9379      1302
