                 precision    recall  f1-score   support

          Faces     1.0000    0.9697    0.9846        66
     Faces_easy     0.9706    1.0000    0.9851        66
       Leopards     1.0000    1.0000    1.0000        30
     Motorbikes     1.0000    1.0000    1.0000       120
      accordion     1.0000    1.0000    1.0000         8
      airplanes     1.0000    0.9917    0.9958       120
         anchor     0.8571    1.0000    0.9231         6
            ant     0.5556    0.8333    0.6667         6
         barrel     0.8750    1.0000    0.9333         7
           bass     1.0000    1.0000    1.0000         8
         beaver     0.6667    0.8571    0.7500         7
      binocular     1.0000    0.8000    0.8889         5
         bonsai     0.9500    1.0000    0.9744        19
          brain     1.0000    0.9333    0.9655        15
   brontosaurus     0.8571    1.0000    0.9231         6
         buddha     1.0000    1.0000    1.0000        13
      butterfly     0.9286    0.9286    0.9286        14
         camera     1.0000    0.8571    0.9231         7
         cannon     1.0000    0.6667    0.8000         6
       car_side     1.0000    1.0000    1.0000        19
    ceiling_fan     1.0000    0.8571    0.9231         7
      cellphone     1.0000    1.0000    1.0000         9
          chair     0.8182    0.9000    0.8571        10
     chandelier     0.8421    1.0000    0.9143        16
    cougar_body     0.8750    1.0000    0.9333         7
    cougar_face     1.0000    1.0000    1.0000        10
           crab     0.9000    0.8182    0.8571        11
       crayfish     0.6667    0.8000    0.7273        10
      crocodile     1.0000    0.2500    0.4000         8
 crocodile_head     0.5455    0.8571    0.6667         7
            cup     0.8889    1.0000    0.9412         8
      dalmatian     1.0000    1.0000    1.0000        10
    dollar_bill     1.0000    1.0000    1.0000         8
        dolphin     1.0000    1.0000    1.0000        10
      dragonfly     0.9091    1.0000    0.9524        10
electric_guitar     1.0000    0.8182    0.9000        11
       elephant     0.8889    0.8000    0.8421        10
            emu     1.0000    0.7500    0.8571         8
      euphonium     1.0000    1.0000    1.0000         9
           ewer     1.0000    0.9231    0.9600        13
          ferry     1.0000    1.0000    1.0000        10
       flamingo     1.0000    1.0000    1.0000        10
  flamingo_head     1.0000    0.8571    0.9231         7
       garfield     1.0000    1.0000    1.0000         5
        gerenuk     0.8333    1.0000    0.9091         5
     gramophone     1.0000    1.0000    1.0000         8
    grand_piano     1.0000    1.0000    1.0000        15
      hawksbill     1.0000    1.0000    1.0000        15
      headphone     1.0000    1.0000    1.0000         7
       hedgehog     0.8750    0.8750    0.8750         8
     helicopter     0.8125    1.0000    0.8966        13
           ibis     0.9231    1.0000    0.9600        12
   inline_skate     0.8333    1.0000    0.9091         5
    joshua_tree     0.9000    1.0000    0.9474         9
       kangaroo     1.0000    1.0000    1.0000        13
          ketch     1.0000    0.6471    0.7857        17
           lamp     0.9000    1.0000    0.9474         9
         laptop     1.0000    1.0000    1.0000        12
          llama     1.0000    0.9091    0.9524        11
        lobster     0.4000    0.3333    0.3636         6
          lotus     0.6667    0.8000    0.7273        10
       mandolin     1.0000    0.8333    0.9091         6
         mayfly     0.8571    1.0000    0.9231         6
        menorah     1.0000    1.0000    1.0000        13
      metronome     1.0000    1.0000    1.0000         5
        minaret     1.0000    1.0000    1.0000        11
       nautilus     0.9000    1.0000    0.9474         9
        octopus     0.8000    0.8000    0.8000         5
          okapi     1.0000    1.0000    1.0000         6
         pagoda     1.0000    1.0000    1.0000         7
          panda     1.0000    1.0000    1.0000         6
         pigeon     1.0000    0.8333    0.9091         6
          pizza     1.0000    1.0000    1.0000         8
       platypus     0.8333    1.0000    0.9091         5
        pyramid     0.8889    1.0000    0.9412         8
       revolver     0.9286    1.0000    0.9630        13
          rhino     1.0000    0.7778    0.8750         9
        rooster     1.0000    1.0000    1.0000         8
      saxophone     1.0000    0.8333    0.9091         6
       schooner     0.6000    1.0000    0.7500         9
       scissors     1.0000    0.8333    0.9091         6
       scorpion     0.9000    0.6923    0.7826        13
      sea_horse     0.7500    0.7500    0.7500         8
         snoopy     1.0000    0.8000    0.8889         5
    soccer_ball     1.0000    0.8889    0.9412         9
        stapler     1.0000    1.0000    1.0000         7
       starfish     1.0000    0.9231    0.9600        13
    stegosaurus     1.0000    1.0000    1.0000         9
      stop_sign     1.0000    1.0000    1.0000        10
     strawberry     0.8333    1.0000    0.9091         5
      sunflower     1.0000    1.0000    1.0000        13
           tick     1.0000    0.8571    0.9231         7
      trilobite     1.0000    1.0000    1.0000        13
       umbrella     1.0000    1.0000    1.0000        11
          watch     0.8974    0.9722    0.9333        36
    water_lilly     0.6667    0.3333    0.4444         6
     wheelchair     1.0000    0.8889    0.9412         9
       wild_cat     0.5000    0.6000    0.5455         5
  windsor_chair     1.0000    0.8889    0.9412         9
         wrench     0.8000    0.6667    0.7273         6
       yin_yang     1.0000    1.0000    1.0000         9

       accuracy                         0.9432      1302
      macro avg     0.9237    0.9129    0.9109      1302
   weighted avg     0.9504    0.9432    0.9421      1302
